%YAML:1.0
---
K: !!opencv-matrix
   rows: 3
   cols: 3
   dt: d
   data: [ 7.8693830741832323e+02, 0., 3.2164993748153495e+02, 0.,
       7.8826667357141423e+02, 2.7793555260820176e+02, 0., 0., 1. ]
D: !!opencv-matrix
   rows: 1
   cols: 5
   dt: d
   data: [ 2.2417588689050451e-02, -2.6706922625940157e-03,
       1.4790160388496051e-02, 1.5055475590840463e-03,
       -4.2772047133028041e-01 ]
